	descripteur1	descripteur2	descripteur3	descripteur4	descripteur8	descripteur9	descripteur10	descripteur11	descripteur12	descripteur13	descripteur15	descripteur17	descripteur18	descripteur19	descripteur20	descripteur22	descripteur23	descripteur25	descripteur27	descripteur28	descripteur30	descripteur31	descripteur32	descripteur34	descripteur36	descripteur37	descripteur41	descripteur42	descripteur43	descripteur44	descripteur46	descripteur47	descripteur49	descripteur50	descripteur52	descripteur53	descripteur54	descripteur56	descripteur57	descripteur58	descripteur59	descripteur60	descripteur61	descripteur65	descripteur66	descripteur67	descripteur69	descripteur71	descripteur72	descripteur73
molecule1	-70.963996	131.470406	-416.0833635	-2.38948522	0.75837416	-0.03217373	-0.03217373	494.4391793	871.510753	2	-2.153	25.606998	1.152627	2.250823	36	1.813699	1.203026	3.787694	2.322462	1.553459	1.5	0.451545	86.43856	146.258469	0.247685	98.28833124	119.7640873	36.09959628	20.79188201	25.33637619	0.71925134	0.6969697	6.65351352	4.34472287	1.69808643	102.6873478	108.993117	-229.583102	576.769262	35.315759	1.267947	0.128976	-0.17757	29.844227	-62.86388	-13.313526	0.239556	1.152694	171.903783	101.913755
molecule4	-143.437107	218.238367	-613.0299063	-4.01262109	1.19034332	-0.02132356	-0.02132356	786.0377958	1450.996	0	1.0398	43.791416	6.136364	3.48172	46	6.694215	6.48	5.701907	3.718744	1.83743	2.584963	0.678939	110.039101	446.518158	0.595236	164.2921919	547.7511133	56.1500361	22.57745512	48.30247198	0.66217733	0.69264787	6.53343397	5.21866205	0.72034198	170.7157507	107.513725	-325.938609	1234.362	45.641644	2.231093	0.112096	-0.104942	43.77586	-132.710896	-17.397596	0.189669	2.560608	92.297574	314.86774
molecule12	-55.631144	134.277457	-382.7334123	-2.54131584	1.4149062	-0.02051064	-0.02051064	509.3145577	898.5004162	2	1.4778	29.446199	1.281595	2.955256	36	1.94179	1.309285	3.787694	2.268581	1.516398	1.5	0.433597	86.43856	146.258469	0	100.9388599	133.8847307	39.95295758	16.64874444	23.38123615	0.73039216	0.75845411	6.70409093	3.40005145	1.72509174	102.9915362	112.304097	-198.811943	482.700955	34.400679	1.04116	0.126164	-0.171287	30.62153	-54.209295	-12.734646	0.385415	11.562803	129.81613	142.85006
molecule19	-170.759665	178.436498	-646.619487	-3.35152266	1.46893931	-0.03208245	-0.03208245	654.7227153	1219.642	4	0.8918	37.898701	2.203578	3.163494	58	2.99698	1.679316	5.519745	3.003252	2.168257	2.584963	0.646241	172.97374	374.052612	0	137.5142701	261.0597748	55.03639611	21.8394709	27.31031544	0.75710594	0.77148847	8.48392996	3.40007411	0.83615114	140.9171392	168.058852	-565.383588	1119.921	56.524493	1.665785	0.169795	-0.261008	55.946557	-188.215407	-28.925345	0.201266	4.65802	291.173129	41.725475
molecule24	-131.574221	167.521379	-571.3695805	-3.17966316	3.18642324	-0.03863783	-0.03863783	624.3383469	1151.739	3	1.1762	36.204605	1.998416	3.066851	52	2.792376	1.842536	5.092225	2.856995	2.043238	2.413088	0.617649	147.206711	302.144958	0	128.8608428	207.2389911	50.52411244	23.26807071	25.57484435	0.71162791	0.74111111	8.42506849	3.88091351	4.02064043	132.5461681	174.587217	-453.123663	841.651793	43.243543	1.198103	0.13335	-0.24631	56.616184	-146.941644	-25.902343	0.255375	7.716207	237.685625	86.60034
molecule25	-135.433565	165.307315	-571.3630644	-3.1731471	2.89301037	-0.03181072	-0.03181072	609.4760407	1142.403	3	1.1762	36.204605	1.998416	3.189852	52	2.792376	1.429259	5.125897	2.868962	1.976417	2.663533	0.681753	147.206711	288.568665	0	128.8398678	125.3011905	47.95798863	26.23842448	28.53244476	0.61001789	0.63589744	8.5008739	5.0597797	6.97523141	133.0157302	153.103519	-411.925017	834.528471	39.214145	1.362464	0.126425	-0.222339	47.489034	-127.769245	-21.391071	0.250177	4.503316	195.675717	114.500262
molecule30	-87.724521	176.174153	-535.4007416	-3.45193071	1.50408865	-0.02328138	-0.02328138	656.8515903	1215.064	1	1.4923	39.279613	2.355429	2.91361	50	3.274762	1.634581	5.253219	3.117454	2.008731	3.095795	0.792394	134.605942	310.151489	0	137.6237248	217.3208033	52.65814175	22.14683172	30.46106968	0.64069264	0.69125214	8.22247376	4.20396773	3.28308082	142.2933775	119.584275	-275.115583	776.6355	40.107732	1.485551	0.118803	-0.113233	40.371472	-92.878608	-12.905528	0.282578	5.510449	100.153353	237.445144
molecule33	-72.110975	162.307723	-588.4132191	-3.36461087	3.93195754	-0.03233603	-0.03233603	620.1842847	1164.443	1	1.1387	39.54771	1.412081	2.426409	62	2.422268	1.114765	5.770857	3.393847	2.34756	2.918296	0.699844	186.117294	362.888794	0	130.3808761	129.8317315	50.25700704	20.78031978	25.99519612	0.76151762	0.7845805	8.02571068	3.40007716	7.97385697	133.873261	168.102663	-387.644741	727.756539	32.511609	1.077714	0.10302	-0.180042	53.050882	-122.335333	-17.931263	0.225108	3.907359	155.088145	160.498061
molecule36	-49.269153	160.618753	-476.23384	-3.10979197	2.8285765	-0.02893985	-0.02893985	601.6482684	1104.528	3	0.9618	37.516808	1.686396	2.989935	46	2.492602	1.561388	4.698378	2.787773	1.930615	2.921928	0.767443	122.211433	247.105881	0	123.6552741	237.4403675	48.80793902	21.20969569	26.75033907	0.72604588	0.74013158	7.75486032	3.76700668	6.19234986	126.879908	136.398302	-286.013599	651.493798	36.630194	1.176367	0.117901	-0.169896	42.376971	-88.86027	-16.399279	0.308837	4.390635	173.483508	137.201966
molecule47	-80.505551	292.360365	-842.8340273	-5.77116697	2.19017335	-0.02294425	-0.02294425	1038.258	2112.262	0	2.988	67.438416	5.700844	2.789208	80	7.317814	4.054028	8.701907	5.35419	3.319857	3.169925	0.682606	240.214996	1052.628	0.184272	230.0901868	516.9939787	83.25516105	40.90738353	45.65175267	0.62903226	0.70011947	12.30505934	5.28500098	3.63935419	243.4918496	179.975166	-619.726488	1681.388	45.422707	2.17431	0.093027	-0.114711	87.877366	-302.596921	-27.348456	0.168816	0.868222	120.559719	367.715232
molecule51	19.365046	81.728638	-151.1833661	-1.17076249	1.06061989	-0.01378093	-0.01378093	314.0732113	473.0049971	3	-0.7971	14.280801	1.8688	1.472808	6	1.92	0	1.414214	0.788675	0.288675	0.918296	0.918296	2	13.774438	0	53.25418166	41.04680584	18.03403495	13.56587345	17.9378859	0.68939394	0.70967742	4.68451312	4.20064364	2.41680405	54.88063372	45.94546	-56.535889	240.074909	30.635856	0.940668	0.157014	-0.103614	8.964679	-11.031038	-3.94458	0.429338	9.108684	120.530563	74.585103
molecule52	26.485494	161.139828	-472.3570121	-2.96750234	2.53737353	-0.02948145	-0.02948145	600.8687005	1104.958	3	-0.4445	36.965805	1.963364	2.740293	44	2.931903	1.526598	4.842535	2.753214	1.70935	2.646439	0.695086	110.039101	257.278198	0	122.9574619	167.9742565	44.44259425	24.57188036	30.74456454	0.72114286	0.69777778	6.8847768	4.9491113	2.43352116	127.4329556	100.669687	-201.701784	631.560906	38.632116	1.36371	0.122559	-0.11868	31.732401	-63.579039	-11.791994	0.28334	2.540836	168.042178	147.170891
molecule62	-103.983157	108.155097	-755.6886755	-1.16347934	2.36485383	-0.02881354	-0.02881354	412.1767007	685.2399125	3	-0.5845	17.840498	1.475776	3.058652	24	1.518809	5.183357	2.56066	2.283425	1.571868	2.251629	0.802046	53.302967	68.5755	0	75.26589055	64.00093542	23.78079657	19.03126901	23.50978502	0.67901235	0.66884532	5.32456225	5.26388229	3.45645346	78.20018726	169.554625	-209.756027	289.637046	20.374459	0.341188	0.087024	-0.16342	39.697115	-49.109301	-8.957863	0.358823	10.457451	144.337339	89.788476
molecule70	2.27754	155.316506	-706.8510527	-2.61020246	0.90656281	-0.01015114	-0.01015114	590.4148099	1077.022	0	1.1112	33.921307	2.031989	2.367741	34	2.821687	1.582506	3.931852	3.839492	2.378402	2.5	0.736959	75.058647	155.722076	0.979167	117.3989773	300.7445884	41.86060298	20.24588031	34.80714871	0.62740385	0.65384615	6.29064964	5.1297239	3.6434043	121.3538145	100.143632	-145.568784	454.423163	27.008101	0.988004	0.086397	-0.094487	31.305351	-45.505458	-9.23342	0.366263	6.122014	70.435909	242.168602
molecule73	22.20763	204.524945	-571.8183544	-4.16173439	1.62193714	-0.02043502	-0.02043502	752.0734753	1441.732	0	2.1256	49.492516	1.848968	2.244197	66	3.011702	1.4482	6.270858	4.192735	3.053142	3.180833	0.748796	199.421249	464.74646	0.439379	162.4721176	266.4601479	58.2855512	24.83532783	38.38352148	0.71571906	0.73176124	7.67542135	4.52090193	2.60223266	168.2400188	127.547535	-265.566723	790.115338	33.872188	1.382327	0.089262	-0.089095	48.400197	-100.774051	-12.829308	0.249604	9.199965	74.170243	305.297672
molecule75	36.610084	269.448418	-800.6508083	-5.55402009	1.81859398	-0.03073535	-0.03073535	993.1398919	1946.294	2	3.870401	71.200401	3.959751	2.025593	86	5.859209	3.343662	8.770858	5.395662	3.606771	2.725481	0.573196	268.078186	1101.343	0	219.33595	691.1660943	81.08606396	27.28121275	55.03272398	0.76324324	0.711	7.38371497	4.84089631	1.47074331	225.6961965	184.660695	-500.652075	1297.952	45.53672	1.665461	0.095121	-0.11552	88.401925	-239.675299	-26.474697	0.260955	7.381513	131.394238	347.332029
molecule83	-34.918333	299.348903	-1296.182	-6.27947	2.52618659	-0.02711028	-0.02711028	1031.815	2259.391	2	3.3391	81.61689	3.366995	2.157151	112	5.196881	2.742345	10.054663	7.808813	6.015885	3.268049	0.645083	398.930023	1389.137	0	253.4120639	549.4087371	79.52146763	42.96085625	57.30039674	0.5902965	0.60588235	10.45160827	6.96337204	7.22518524	264.0171047	194.058886	-533.817185	1316.205	41.585268	1.635115	0.086909	-0.081566	92.85549	-255.426883	-18.674798	0.185764	2.38847	113.458499	365.032808
molecule84	-171.83653	278.296101	-1689.115	-4.89697473	6.10463175	-0.05719657	-0.05719657	981.6872715	2022.416	4	0.343	68.453606	3.014136	2.813151	104	4.166575	2.682655	8.587355	7.751601	6.66361	3.511086	0.719095	384	1047.136	0	224.1986055	472.3198241	76.01532895	40.01781688	46.41775263	0.63833747	0.63352723	10.28062196	6.09794728	11.33983152	234.5009745	285.77588	-781.482722	1271.847	42.196361	1.054303	0.090724	-0.152282	132.916493	-363.473441	-32.942386	0.22826	2.995478	256.551028	208.556428
molecule85	-88.102997	176.446143	-911.5430059	-3.05066734	2.48041418	-0.0290618	-0.0290618	643.9077815	1236.685	3	0.3021	41.380909	1.839244	3.138154	54	2.519291	1.689999	5.015855	4.27612	3.402852	2.913977	0.728494	160	292.798004	0	137.9113377	222.6679338	48.0948898	26.66003734	29.99979297	0.59930314	0.60326087	8.09581433	5.49482245	8.12194286	143.4468459	168.328366	-334.99028	649.490121	32.339976	0.963681	0.099095	-0.135788	54.934401	-109.324951	-14.462211	0.303251	3.44898	180.623331	145.729274
molecule89	-81.414137	181.594669	-911.5456633	-3.05332475	3.87518932	-0.03351019	-0.03351019	660.1530993	1248.82	3	0.3021	41.380905	1.839244	3.053726	54	2.519291	1.92397	4.999019	4.270137	3.469094	3.095795	0.773949	160	300.731567	0	138.2422081	288.7266762	48.97181156	26.95325503	31.22550254	0.62857143	0.60193452	7.85704127	5.45754782	8.55798377	144.2400158	174.703004	-326.956672	633.803705	34.612629	0.906083	0.102207	-0.137504	59.16353	-110.724547	-15.769731	0.339621	4.90256	207.897149	130.7549
molecule93	31.93123	137.500867	-736.9601457	-1.42695377	7.95117236	-0.11661123	-0.11661123	500.8616105	870.4634822	2	0.5451	14.686599	0.901068	3.256554	20	0.925121	0	2	2.207107	1.478398	1.521928	0.588762	43.01955	37.467213	0	94.56948646	108.3939205	31.1495095	23.41110103	30.19692785	0.66594828	0.66358284	6.22783625	5.64474276	6.603213	100.495101	170.811247	-169.683893	216.312872	16.581738	0.198021	0.070418	-0.148658	40.221766	-39.956302	-8.242878	0.43185	5.006035	130.685988	104.788938
molecule95	-48.280519	190.677862	-875.5944256	-3.34236091	3.10653168	-0.03053822	-0.03053822	691.9247793	1325.065	2	1.0335	43.257107	1.97203	3.013205	54	2.636174	2.027552	4.999019	4.640846	3.919485	2.550341	0.637585	160	315.299988	0	146.6808361	246.181006	49.95642735	24.12920563	36.94230771	0.65021008	0.63072776	6.71477464	5.52659808	7.38924272	152.8018532	146.105471	-261.70412	629.432055	34.410523	1.04639	0.097917	-0.100847	51.345169	-91.969467	-12.454567	0.241737	4.441279	154.647859	196.777509
molecule100	-138.703672	236.978825	-541.3261489	-4.40126961	0.75246691	-0.0196731	-0.0196731	811.1160697	1519.84	1	0.612501	44.221523	9.772218	2.517905	38	9.88	9.88	5.414213	4.178035	2.301905	1.309297	0.394138	75.058647	394.579926	4.826244	173.3495025	482.1190079	56.87788461	25.13172183	54.0762735	0.68359788	0.73268921	6.82939946	5.38318145	2.97840925	182.4019699	65.135522	-182.711652	1171.995	52.102791	2.367933	0.124712	-0.090157	27.212539	-76.333893	-15.736213	0.231578	6.848309	86.497648	331.285741
molecule108	-299.363727	539.554052	-1314.902	-11.01619307	1.29400271	-0.03403218	-0.03403218	1637.578	3668.569	3	4.254402	108.485001	14.836737	1.797565	122	16.28723	11.934941	13.55775	11.373054	8.098889	2.78845	0.573994	398.930023	3383.824	16.438824	420.0851335	2577.381	122.2673114	43.15738788	107.1697945	0.67112462	0.67610837	9.34459429	6.88163334	11.70777609	453.3777532	129.818804	-1025.413	5984.36	101.135224	6.545419	0.133491	-0.098929	98.353461	-776.874315	-56.784193	0.093445	1.802201	195.096225	562.524843
molecule112	-40.769494	97.885169	-210.4051392	-1.56777276	1.35988193	-0.01890975	-0.01890975	365.9846974	579.3592506	3	-1.0559	16.2111	2.861601	1.859037	10	2.92	4.006956	1.914214	1.224476	0.512282	1	0.63093	8	30.490225	0.472222	65.81864155	57.44113048	22.22734106	16.54437686	22.74286072	0.65185185	0.66891134	4.84977651	5.23335005	3.77897131	69.26325327	46.159345	-62.042776	294.569463	32.369511	1.060941	0.147691	-0.124189	10.116756	-13.597932	-5.965517	0.473253	14.502285	120.269689	98.900584
molecule113	21.459491	313.829856	-879.2623958	-6.49172646	2.81618975	-0.02870827	-0.02870827	1099.56	2252.625	2	3.533601	80.624786	5.172639	1.777984	94	7.328568	4.398989	9.770857	6.328118	4.188192	2.921928	0.60147	296.422852	1453.954	1.05244	252.8010115	1111.254	85.6610153	34.43613542	64.64997268	0.70588235	0.57247899	7.20254388	6.7732354	3.48417408	264.4132692	162.503294	-521.505571	1693.063	51.723268	2.220735	0.098044	-0.088343	85.729295	-275.122453	-24.586935	0.222018	3.282795	100.846755	426.707443
molecule114	-146.054996	206.425886	-500.8817069	-3.78898193	1.14192918	-0.01490037	-0.01490037	712.2241876	1327.217	1	1.0531	37.481503	5.1601	3.029784	38	5.380709	5.144968	4.680739	3.528255	2.197024	2.921928	0.879588	86.43856	286.371643	2.269626	150.5852845	424.1626277	47.76817984	23.88938328	44.78690045	0.69419643	0.6922619	6.35225326	5.41744809	5.46321579	158.8406299	83.119578	-266.672543	1201.725	50.824574	2.496352	0.135689	-0.124891	31.133898	-99.886886	-17.522377	0.211202	6.336261	104.87654	269.691029
molecule115	-188.518579	295.398859	-732.1562955	-5.6329749	2.02603458	-0.02083967	-0.02083967	984.2919814	1962.329	0	2.206701	55.860912	8.136614	3.50723	60	8.55885	7.219569	7.112591	5.474666	3.403139	3.240224	0.810056	160	746.146545	3.256614	221.2181111	830.035002	68.56134317	36.15120793	64.31647738	0.6547619	0.63101604	8.28455951	6.66453706	4.01155689	235.9916158	93.185556	-420.630282	2253.854	61.904589	3.671616	0.123984	-0.090865	46.527191	-210.019087	-22.652378	0.128536	0.413165	92.94403	406.352137
molecule122	-121.400824	151.992048	-454.4146059	-2.48919382	2.09097253	-0.03631931	-0.03631931	544.950868	946.9858841	4	-0.9621	25.139601	3.910957	2.78679	28	4.351551	4.19	3.808061	2.043686	0.998905	2.25	0.75	53.302967	167.155228	-0.849537	106.6832038	182.913425	38.35084444	19.91439845	32.19513431	0.66445623	0.65464744	5.76467408	5.19907466	2.9812668	112.0277765	93.626184	-244.907373	774.743731	45.494662	1.788862	0.153602	-0.177939	27.730788	-72.538196	-15.609905	0.24524	8.303397	192.178679	104.007569
molecule125	-90.880788	202.930371	-497.052974	-3.69478722	2.45113807	-0.03139895	-0.03139895	702.1626507	1318.856	5	-0.7669	37.808697	5.103366	3.092874	38	5.343838	5.107437	4.680739	3.366236	2.229188	3.121928	0.939794	86.43856	286.371643	2.767678	148.4783502	435.3198602	49.73810248	25.15365795	44.25035243	0.69498911	0.73814165	6.76395956	5.35084229	5.78242484	156.4799148	104.33337	-362.099395	1258.71	56.704421	2.472195	0.156349	-0.162441	37.839412	-131.325465	-21.366702	0.184694	5.936785	225.265618	137.412327
molecule128	-48.154975	135.718389	-720.7565035	-1.86503545	2.23462824	-0.03385355	-0.03385355	505.3169539	905.4667947	0	-0.984	24.8736	1.782407	3.453378	28	1.937399	5.44	3.06066	3.66793	3.368383	2.521641	0.75909	64	108.939972	-0.381944	96.79711036	146.6544512	31.97269518	24.06378707	28.76997462	0.61192571	0.6	6.52083049	6.03062558	4.54602448	102.1924569	147.199547	-137.749336	257.298828	19.719187	0.43476	0.071712	-0.118449	40.476633	-37.878033	-8.956286	0.259243	11.388544	154.68686	120.29111
molecule141	-53.008835	177.220441	-478.5597278	-3.44525243	1.54586077	-0.01922961	-0.01922961	639.7964902	1205.348	0	-0.005399	38.056614	2.450354	2.245686	44	3.366309	1.82874	4.842535	3.33446	2.141783	2.646439	0.738205	110.039101	257.278198	2.703241	137.0546904	182.6772968	48.05344468	24.5992689	32.83494934	0.65408163	0.605	6.83601009	5.5015815	2.01446984	143.1742442	92.905931	-179.540712	641.001571	31.595045	1.391322	0.09526	-0.111087	30.814184	-59.548411	-12.220152	0.281035	6.32348	87.592355	244.078444
molecule151	-28.136338	223.299111	-990.1448723	-3.97668242	11.98255123	-0.11472483	-0.11472483	788.0245801	1562.079	0	1.9815	47.21661	3.385943	2.210051	60	4.339704	4.592413	6.078299	5.531984	4.252277	3.026987	0.725909	172.97374	514.488586	0.622736	173.2948684	504.9038405	58.20742222	26.33292791	46.94910052	0.59548611	0.59472656	7.12215922	6.20891673	11.00815415	183.0107505	165.178791	-285.181183	667.733956	27.015307	0.989133	0.069851	-0.083506	63.883862	-110.295488	-12.49089	0.216392	0.141986	131.138424	255.617415
molecule160	-35.421237	186.415929	-891.6638814	-3.15910013	4.78174697	-0.04163327	-0.04163327	674.417358	1287.607	4	-0.2169	42.916306	1.839244	2.998549	54	2.519291	1.92397	4.999019	4.429522	3.675468	2.550341	0.637585	160	315.299988	0	141.9508734	251.5064094	49.01668554	25.2681522	33.24335517	0.68067227	0.60857143	6.7092995	5.53296914	7.8930458	149.8303812	157.755233	-304.18364	658.893416	36.520876	1.038059	0.106878	-0.117366	53.905706	-103.940982	-13.703862	0.331605	4.859373	215.095716	126.608993
molecule161	-13.184312	164.888866	-456.3479018	-3.21167613	1.60623443	-0.0256411	-0.0256411	607.0089942	1130.944	4	0.097	39.339005	1.579018	3.082591	46	2.389632	1.270685	4.715214	2.858825	1.951501	2.721928	0.714913	122.211433	240.477249	0	127.025838	175.8036177	48.50699455	24.11498684	29.37358823	0.64166667	0.65104167	7.97747792	4.71098736	4.12555356	131.6520135	110.33875	-242.701114	698.678157	39.826645	1.435564	0.125387	-0.118288	35.046821	-77.088987	-11.933875	0.290462	3.62117	163.106069	154.52324
molecule162	12.611285	144.326894	-417.005572	-2.70628694	0.64178009	-0.02095305	-0.02095305	550.0269184	996.4203504	2	0.6046	32.716602	1.554694	2.886752	40	2.368141	1.333055	4.304531	2.484021	1.590307	2.419382	0.653809	98.107498	195.554443	0	110.8820267	118.4950565	43.07218101	18.78578898	26.51413806	0.75077399	0.7525196	6.67215165	3.75019897	2.82292405	113.2905661	103.041062	-171.903404	485.141262	31.956059	1.077077	0.109882	-0.142061	29.966637	-49.993341	-12.015176	0.409998	11.861027	137.899753	152.922532
molecule168	-72.138939	125.076471	-394.0689948	-1.96355928	4.16056077	-0.05311818	-0.05311818	474.6061848	790.65432	5	-1.577	21.385197	1.650105	3.036867	26	2.012323	4.739999	3.125897	1.485599	0.853502	1.950212	0.650071	53.302967	111.146782	0	87.3149362	90.09512968	36.40148479	13.86159721	23.52981142	0.70498084	0.75177305	5.78297951	3.40004219	4.92674423	90.98706704	108.274028	-264.210282	637.712247	45.557853	1.429168	0.174323	-0.18435	28.296587	-69.049331	-12.591045	0.250922	3.512398	244.86225	16.48008
molecule169	31.087824	152.260962	-664.9394378	-2.27580094	2.46264595	-0.02391179	-0.02391179	562.6042957	1031.91	3	0.9222	35.315002	3.319867	2.81096	24	3.614163	5.430001	3.270056	2.321097	1.473653	2.807355	0.935785	43.01955	121.920425	0.648148	109.8373852	137.3428271	37.04488895	25.33773919	29.90548691	0.64747475	0.58914729	6.54513778	5.97896806	3.52346273	115.6005071	107.244359	-202.187791	561.074716	36.313274	1.205958	0.122022	-0.120226	31.915375	-60.170057	-10.647502	0.33183	4.862683	175.899629	121.69528
molecule174	42.03087	140.396125	-697.0874999	-1.9184299	2.60808817	-0.03587413	-0.03587413	529.9645791	940.7611174	6	0.005	31.677397	2.070892	3.078234	26	2.353287	5.159999	3.125897	1.939723	1.342752	1.950212	0.650071	53.302967	111.146782	0	100.2970227	137.9499769	37.71619646	22.66048325	28.01579117	0.68881119	0.65205725	6.43373915	5.11335006	2.58697717	103.758274	116.998525	-272.267267	651.990415	42.691936	1.355385	0.152385	-0.157239	32.778178	-76.278099	-12.341569	0.26634	3.436952	280.158903	0
molecule176	53.274195	155.650062	-739.9791868	-2.62635768	2.90408581	-0.02323775	-0.02323775	596.1580264	1112.521	2	0.474	40.594704	1.745122	2.891795	40	2.547881	1.467221	4.304531	2.911462	2.045778	2.419382	0.653809	98.107498	195.554443	0	120.3114494	203.8194931	45.18181495	20.94664673	28.77228391	0.7535014	0.74974671	6.7555895	4.11497492	4.21919815	123.6744173	124.533589	-184.78294	450.220307	27.95965	0.874703	0.092136	-0.125247	37.790966	-56.074236	-11.533728	0.424586	5.014687	155.233053	148.226971
molecule178	-35.324877	112.031754	-248.5258256	-1.84673218	2.1726129	-0.01653353	-0.01653353	418.9663064	699.9155572	0	-0.744099	20.187302	1.571817	2.601175	16	1.758184	3.47	2.270056	1.388328	1.069021	1.921928	0.827729	24	48.486763	0	78.39225171	70.00176676	28.20419023	19.03362607	21.20051572	0.73607038	0.69949495	6.14142415	4.21049444	3.62157364	81.43397435	63.110745	-84.170801	322.517724	27.714243	0.98563	0.114606	-0.1082	15.261554	-20.354334	-6.327291	0.364775	16.102692	68.907374	172.914418
molecule189	-92.137524	233.996277	-1044.332	-4.06825896	3.86423554	-0.04700206	-0.04700206	808.9197759	1622.167	3	-0.2188	52.482212	2.755554	2.832362	68	3.666952	2.722579	6.415521	5.288911	4.413123	2.950212	0.682615	212.877121	571.63147	0	178.4588319	405.0673208	53.21016884	34.52636272	49.95992659	0.71349206	0.73785311	8.30572448	5.82618354	6.34597264	188.3043348	170.908567	-439.833196	1041.797	40.438369	1.487035	0.099895	-0.117237	69.185151	-178.047986	-19.211582	0.248339	3.421922	205.179653	199.628322
molecule190	-68.374045	136.314564	-361.8810266	-2.28215931	1.68713847	-0.02429217	-0.02429217	500.7876122	879.7816657	2	0.4102	24.595999	2.222155	3.15682	26	2.46906	5.300001	3.125897	1.884838	1.325486	1.950212	0.650071	53.302967	111.146782	-0.138889	96.42505505	87.83805458	32.74606735	21.90444948	28.81589987	0.7	0.68925023	5.99433026	5.22027805	3.35628736	100.3311539	104.063258	-204.754867	541.197336	32.817019	1.223262	0.119318	-0.177046	28.621264	-56.3152	-13.3927	0.336349	7.568082	165.729599	109.307574
molecule191	-132.951945	281.264586	-1026.586	-4.94287749	0.3943191	-0.00741463	-0.00741463	898.6274491	1963.962	0	0.597401	47.650219	3.454617	4.149626	56	3.564523	8.63	5.100954	11.210924	14.010192	1.947339	0.543196	172.97374	391.640228	0	222.050355	430.8676523	58.63204446	40.53304077	57.45603587	0.66537967	0.68872321	8.38892706	7.26161539	1.12541898	237.4691235	57.761337	-211.724181	1669.894	39.086738	3.200679	0.085795	-0.052729	26.31499	-96.457597	-10.944222	0.15534	1.431394	61.758457	393.822934
molecule194	-35.936823	184.65306	-515.5001554	-3.5391669	2.08454052	-0.03455562	-0.03455562	665.3461398	1269.569	3	1.5646	41.11681	2.355429	2.67607	50	3.274762	2.489843	5.181541	3.225688	2.289918	2.550341	0.65278	134.605942	337.778442	0.2225	140.6432026	249.6675045	49.45927549	25.62791707	34.3196248	0.64433498	0.58355438	6.97591397	5.70164913	3.8648615	147.2217884	138.521347	-317.407815	767.435929	37.682726	1.343688	0.112513	-0.166692	46.393584	-106.306259	-18.698071	0.300602	8.760678	176.629458	158.290647
molecule195	-96.181226	128.914547	-307.7299317	-2.22607539	1.01305742	-0.01168835	-0.01168835	474.5929224	806.4920824	0	0.2063	22.160797	2.670481	2.605273	20	2.845983	5.010229	2.770056	1.90403	0.924594	2.584963	1	33.21928	80.659187	0.481482	91.11128941	82.35174873	31.68644034	19.47043876	28.75358529	0.6521164	0.62121212	5.57913776	5.35159857	1.82337302	95.03837126	62.71092	-107.67465	455.587224	28.632066	1.3112	0.107907	-0.110899	16.639659	-28.570294	-7.807846	0.327781	4.214457	66.816866	198.522228
molecule199	47.055664	83.622933	-170.8524668	-1.24184779	2.05775478	-0.01255021	-0.01255021	349.4271673	538.1773961	0	1.0465	16.3458	1.800725	2.858064	10	2.23	6.577826	1.914214	0.92053	0.333224	2	0.773706	8	30.490225	0	56.96613243	142.6733369	22.90581893	12.57836599	18.57662728	0.68253968	0.75375375	5.42018102	3.40002829	2.45823445	57.8609513	97.420325	-65.632073	136.465265	17.56444	0.349688	0.086712	-0.11989	19.733547	-13.29449	-4.919211	0.412943	10.971033	108.772057	93.788824
molecule200	-116.266297	99.869278	-342.4815506	-1.7318015	2.92920251	-0.02181856	-0.02181856	394.7366887	643.9373873	0	0.3113	17.0674	0.855644	2.121466	26	1.362168	0.768631	2.893847	1.689723	0.946923	1.918296	0.683311	53.302967	66.285004	0.831018	72.34973043	46.66095503	24.55262377	16.649265	19.18858902	0.74074074	0.68716578	5.32419515	4.2215785	5.36202648	73.32594851	113.086109	-173.361006	351.445235	26.247372	0.776853	0.114498	-0.21222	25.923645	-39.740947	-11.152172	0.351207	8.353961	114.052214	115.185884
molecule208	-289.051093	329.061459	-1102.199	-6.01019403	7.45524207	-0.09004185	-0.09004185	1042.784	2280.172	4	-1.6968	62.345608	8.630489	4.188767	86	9.360617	11.042272	9.201286	5.522503	3.996264	2.521928	0.557509	268.078186	1311.671	-2.250545	251.1572251	524.4747265	72.13881011	51.78434852	52.3389671	0.68368421	0.65739821	9.96635657	7.59987669	10.31194134	272.1114519	262.008525	-1423.938	2794.682	62.148295	2.665701	0.12086	-0.250938	134.728824	-732.210738	-66.352381	0.128232	2.308239	384.098641	130.116778
molecule211	-154.136148	207.93375	-592.162128	-3.7380719	3.23782596	-0.04361772	-0.04361772	697.1496184	1372.733	3	-1.1875	38.65731	5.957229	3.355445	42	6.234968	5.93061	5.201908	3.362423	2.1171	2.913977	0.842328	98.107498	332.817322	0.251389	154.6211484	290.0662778	45.55494217	32.62405064	40.60335758	0.70512821	0.694	7.77527307	5.95050939	5.46828937	164.9078445	125.914529	-372.732188	1060.667	49.176929	1.919989	0.13725	-0.194905	45.115358	-133.550482	-25.021921	0.228262	6.896973	220.619192	137.682254
molecule214	-287.269906	285.623784	-1256.587	-4.96169842	4.30608673	-0.05858683	-0.05858683	915.0181053	1946.645	6	-3.123001	53.876312	6.329707	3.869355	72	6.44655	6.149605	7.282934	6.10134	5.035138	3.280639	0.80261	226.477325	793.973267	-2.921011	218.692704	462.8791242	64.585361	34.45062025	53.560896	0.6719697	0.69953775	7.84341499	6.5364533	9.04559615	237.3493823	188.238351	-803.401282	1906.414	62.234192	2.469379	0.139327	-0.182053	84.081586	-358.860207	-36.323172	0.171837	2.172577	249.451447	197.224722
molecule217	-51.438361	183.961296	-515.5177608	-3.55677222	1.46007827	-0.02362341	-0.02362341	666.4412431	1261.543	2	1.1623	42.336411	2.629052	2.375432	48	3.729813	2.818431	5.287694	3.295521	2.113317	2.663533	0.681753	122.211433	344.54599	-0.037685	141.1708358	251.0119429	47.51457652	27.77466958	35.33902802	0.59213759	0.58143939	7.3182322	6.40943995	4.38366574	145.5815835	133.66937	-295.623178	762.900341	36.674014	1.354607	0.106316	-0.130188	46.109788	-101.976408	-15.491536	0.302179	7.511548	122.754697	222.199336
molecule219	-123.92228	243.942856	-743.4527826	-4.65703254	2.15328862	-0.03358195	-0.03358195	875.9403279	1675.034	2	1.1575	51.683418	4.462879	2.140131	66	5.895325	4.896387	7.181541	4.345998	2.809023	2.789898	0.645522	186.117294	741.75531	-0.30564	187.1233776	713.1642547	63.28240494	27.49107902	51.13171674	0.62634409	0.62879153	7.19150534	6.10321962	7.97946755	195.3077469	177.224329	-562.563187	1381.395	46.151122	1.881589	0.10605	-0.142374	77.124679	-244.816869	-26.963093	0.199414	5.939872	166.714546	268.466559
molecule220	-202.601508	399.823682	-963.089536	-7.88451704	1.05910442	-0.02836147	-0.02836147	1149.852	2699.221	4	0.016001	80.849228	10.355781	4.146753	86	10.48156	12.266065	9.201286	7.372558	5.915236	2.121928	0.499521	268.078186	1311.671	3.359988	308.0104275	621.0362669	82.94104555	51.05349933	65.55831973	0.6962766	0.6734127	9.36736097	7.82756102	1.64106956	335.6033153	116.410827	-635.754449	3029.191	68.131588	4.315229	0.122837	-0.128929	64.567113	-352.620376	-39.66318	0.127973	3.235993	167.263529	387.385167
molecule221	-152.812692	267.477389	-635.9932507	-5.14120617	1.25087072	-0.02781762	-0.02781762	854.4070739	1775.682	3	0.066901	52.119625	6.239706	3.692843	54	6.31746	8.177838	5.913592	4.680075	3.765608	1.775859	0.495363	147.206711	468.073059	1.445833	202.2163172	309.9458817	61.73869341	42.93613596	41.73854905	0.70705128	0.7	10.20873319	5.94840034	3.3829291	217.507169	78.739112	-289.862293	1566.395	57.019376	3.000073	0.134005	-0.107106	33.503522	-123.336515	-19.391633	0.192541	3.630879	126.900091	298.600284
molecule223	-103.313445	195.858099	-442.8600994	-3.59692367	1.05247171	-0.0204444	-0.0204444	666.8206909	1250.557	3	-0.2645	36.114403	4.667106	2.779469	34	4.730175	7.880001	4.125897	3.194702	2.356291	1.836592	0.612197	75.058647	221.70105	1.093055	142.2647006	290.849128	45.56085121	25.21338334	42.81707643	0.68103448	0.68401254	6.3913217	5.79257075	2.5028947	151.6584719	68.490351	-185.958152	950.399013	47.626207	2.184049	0.136071	-0.113247	23.972368	-65.087377	-13.873652	0.250635	5.854305	119.226437	230.784449
molecule227	-128.467356	154.846039	-438.3405577	-2.66842973	1.66534709	-0.02950385	-0.02950385	541.423902	996.7092438	4	-0.906	26.459194	2.604666	3.42835	32	2.759911	2.458688	3.553418	2.218622	1.604625	2.405639	0.80188	75.058647	143.638382	0	110.8718882	113.9378812	34.70322366	26.47598108	31.25866574	0.68452381	0.70034843	7.02670719	5.50442105	2.55728998	118.9161587	101.941396	-278.391759	797.953873	45.247511	1.778265	0.154865	-0.193753	29.784582	-81.338714	-16.539778	0.256948	4.570149	202.297672	89.875898
molecule228	-65.776895	273.782913	-935.5126863	-5.34366745	5.43837142	-0.08572697	-0.08572697	896.2111601	2037.403	1	-0.7611	29.079098	2.258446	2.957053	28	2.284555	5.92	3.06066	2.474096	2.737538	2.128085	0.823256	64	108.939972	1.114583	234.7434894	280.5588725	62.97669025	39.690914	51.54832095	0.66666667	0.67647059	8.95897976	6.64544095	7.70148574	248.7311732	51.97265	-95.775199	711.392781	45.252823	2.076838	0.152664	-0.081281	15.405761	-28.389737	-7.141777	0.319677	10.823669	134.32806	162.092486
molecule231	-204.369423	256.694406	-727.6110688	-4.67879601	2.49585454	-0.03224977	-0.03224977	892.1949953	1709.11	0	0.8465	47.917213	6.783426	3.505997	56	7.344776	7.095656	6.595754	4.426398	2.502271	2.556657	0.639164	147.206711	628.833374	-0.281401	190.0449611	425.3067843	61.04336461	27.66895431	57.11416031	0.7408949	0.64603313	6.19165205	6.03155924	2.90823095	201.9744003	125.424022	-440.526792	1581.593	47.903806	2.534059	0.106384	-0.127018	56.477447	-198.365736	-25.754619	0.164593	1.587196	130.979125	319.312978
molecule233	-157.655147	165.336928	-496.3389719	-2.83729466	1.29594972	-0.02027794	-0.02027794	608.3422713	1084.68	0	-0.2451	28.525999	3.827039	3.173663	34	4.169896	3.810965	4.201907	2.3401	1.329042	2.281036	0.68666	75.058647	212.920319	-0.3125	120.1581099	244.7887162	39.56311787	26.76552672	34.17418158	0.66602317	0.66641337	7.29912515	5.50573937	2.98817129	125.0513057	118.3323	-269.998808	746.620033	33.11686	1.456532	0.101204	-0.150616	38.72189	-88.351737	-16.127861	0.246439	3.48546	105.772937	221.457165
molecule235	-176.281547	145.095593	-531.1017194	-2.35414943	2.02237539	-0.03522163	-0.03522163	537.0418047	957.4449221	2	0.1656	24.333797	2.692592	3.522524	36	3.055904	3.507201	4.036581	2.016693	1.298844	2.419382	0.699358	86.43856	203.540421	-0.949074	104.6930385	124.5252777	37.43432118	22.1039645	29.26422208	0.68100358	0.61272142	6.19915041	5.23586696	3.6255501	109.4250813	179.930993	-472.372836	755.998044	34.798911	0.984925	0.120844	-0.291032	51.81407	-136.027479	-24.133754	0.227555	6.241699	252.117924	35.848421
molecule236	-132.360494	190.790509	-610.6425504	-3.6156925	1.34241113	-0.02581016	-0.02581016	685.9848466	1324.562	0	0.5169	41.408512	2.189631	2.835485	58	2.984717	1.670872	5.519744	3.463996	2.622118	3.022055	0.755514	172.97374	362.746582	0	146.2135422	140.3377724	48.9037539	28.06728506	38.76248886	0.6042735	0.62628205	7.77884469	5.97106437	2.46661104	155.8374349	159.133119	-410.022393	910.432781	30.6501	1.416263	0.086746	-0.187232	56.226743	-144.873827	-23.374666	0.201739	2.896481	163.48059	189.850909
molecule240	-153.702966	267.212523	-691.6288627	-4.93769628	0.59316839	-0.01954583	-0.01954583	906.9437141	1789.398	0	1.5798	51.842621	6.879009	4.078025	56	7.408163	4.726563	6.667433	4.610156	2.58106	3.093069	0.773267	147.206711	575.006409	0.759354	198.564439	559.8294413	60.23380209	39.42602453	52.05321182	0.6775266	0.64134615	9.22594154	6.30733563	1.38908073	210.9886832	109.500403	-399.435569	1666.543	52.250389	2.773383	0.114363	-0.104392	50.028702	-182.494698	-21.790768	0.157876	1.387096	107.326667	349.554774
molecule241	-142.098087	183.304018	-461.5819882	-3.32620375	0.88733469	-0.01885089	-0.01885089	643.9621261	1197.735	1	0.2451	32.980595	4.263605	3.066832	34	4.467106	5.461282	4.163902	3.001381	1.858167	2.947703	0.929897	75.058647	215.824158	0.47162	133.2723618	153.1846139	44.63295161	24.74710232	39.01563886	0.69584736	0.69586895	6.58902194	5.39745978	0.71570107	141.8213344	73.748763	-188.737835	869.857997	42.864858	2.004039	0.12612	-0.111015	25.065265	-64.147026	-12.823755	0.255822	3.727809	99.609912	240.263787
molecule243	-250.749797	268.781159	-804.0317682	-5.02623465	1.42680804	-0.02596214	-0.02596214	842.5433478	1822.201	2	-0.3376	50.646919	6.262514	4.528704	64	6.624661	3.066	7.084081	4.647623	2.839275	2.706891	0.676723	186.117294	636.94751	-1.581042	203.6238462	323.6719926	58.69306439	44.17859974	45.22336402	0.70580808	0.69333333	9.59268941	6.52506643	5.26173151	220.6018401	110.256578	-472.669951	1832.986	56.813732	3.181461	0.132874	-0.144956	47.143041	-202.102219	-26.500963	0.164777	3.848844	148.170412	279.405359
molecule246	-273.65657	276.702527	-1032.731	-4.85958113	2.19394036	-0.029272	-0.029272	911.650452	1816.237	0	0.5771	51.611725	7.01017	3.818701	58	7.122089	6.007521	6.575827	6.340998	4.464025	2.985228	0.764093	160	582.373779	0.437469	206.0950718	566.6312445	66.73130619	38.03489446	52.69212338	0.67222222	0.62926136	8.89652118	6.35988311	3.04312242	218.30664	94.627556	-334.678738	1651.044	50.516691	2.820055	0.108222	-0.089307	44.170915	-156.223691	-19.459036	0.157657	0.979754	97.284344	369.502677
molecule248	-241.293483	201.563863	-687.2896632	-3.79973775	2.33318676	-0.05029883	-0.05029883	671.9765867	1351.233	5	-1.2528	36.360802	2.666012	2.540779	60	3.249571	1.478124	5.547859	3.52943	2.777234	3.251629	0.907019	186.117294	360.545227	-1.358865	152.9804006	167.5359669	43.73835114	36.34725461	37.33498079	0.67676768	0.6584022	8.3047081	6.46707106	4.04179275	163.9135145	115.775892	-416.121711	1237.316	51.830838	2.385434	0.15056	-0.2009	39.856245	-143.251314	-23.808791	0.184686	3.720227	227.362005	116.891396
molecule249	-442.284271	357.159068	-1298.12	-7.21313915	2.36437466	-0.06441832	-0.06441832	1104.684	2521.269	8	-2.977	68.336716	6.267663	1.967969	118	7.630403	3.646723	10.810966	7.079026	5.526831	2.757075	0.60133	429.049805	1717.878	-1.345016	286.3402815	593.9261077	77.35822406	48.09683302	71.68384696	0.63080808	0.58380952	8.65524978	8.80926403	5.34397784	311.5299472	187.291475	-1240.9	3463.148	77.004711	4.251563	0.147324	-0.227361	97.895324	-648.605472	-62.116095	0.101049	2.143748	333.305252	189.384444
molecule253	-144.529526	160.86117	-535.5679271	-3.22930935	1.72995392	-0.02864608	-0.02864608	569.9320521	1085.636	2	-1.1112	31.383396	1.417148	1.959536	54	2.165579	0.88142	4.787694	3.381649	2.730593	1.921928	0.555562	160	227.800461	0.568241	124.9985485	105.3571128	36.99912739	27.36698581	33.95350941	0.69117647	0.70555556	6.76457204	5.85325838	3.9827655	130.5352497	74.145138	-172.276228	702.440005	33.946173	1.753595	0.112282	-0.145076	22.41627	-52.084203	-13.260435	0.281859	6.946031	141.2281	161.101499
molecule254	-61.917622	134.745138	-490.1218635	-2.34515187	5.7834916	-0.06269162	-0.06269162	521.1383056	916.0102858	2	0.7922	26.444601	1.372628	2.621352	42	2.039869	1.409895	4.181541	2.252872	1.515413	2.503258	0.698266	110.039101	181.822571	-0.147083	100.7086337	82.21291571	38.25258184	22.22742402	22.617767	0.69230769	0.66962306	7.64413581	4.20011888	5.38641221	104.6072375	154.995719	-360.582041	647.100925	36.808659	1.030067	0.132331	-0.244777	43.11291	-100.297873	-18.938526	0.263884	8.14296	236.700441	41.455046
molecule256	1.234443	210.014794	-386.9868526	-3.95260566	0.2015662	-0.00407084	-0.00407084	691.2948324	1388.348	0	0.188101	42.872612	4.724219	2.777577	34	4.766589	7.92	4.125897	3.42131	2.960105	1.836592	0.612197	75.058647	221.70105	3.649167	154.7579901	157.4165178	45.17775319	28.97222225	41.24917113	0.76680672	0.77157738	6.74900047	5.59830349	0.62905946	167.483847	27.661474	-57.049024	735.165988	37.283122	1.902613	0.104606	-0.020012	9.858925	-20.333047	-2.542113	0.159911	0.069951	26.695369	329.718209
molecule263	-81.118602	63.665623	-189.8208038	-0.82776924	0.91282938	-0.01585843	-0.01585843	262.4209994	366.610161	1	-0.3723	8.5717	1.428967	1.920482	6	1.63	0	1.414214	0.493901	0.105409	1.584963	1	2	13.774438	0	40.07060311	76.48675524	16.65458841	11.27674804	13.06377222	0.65384615	0.72016461	5.07258548	3.4000001	1.32966989	40.96315733	87.859845	-94.941349	181.227989	26.866902	0.514497	0.160198	-0.271694	14.73502	-15.922663	-7.641876	0.600315	21.097421	138.827907	28.882614
molecule268	-197.439051	186.782263	-684.9153152	-3.41581704	2.66830967	-0.0474829	-0.0474829	659.9872539	1256.35	4	-2.4403	36.4585	2.554133	2.610889	58	3.295938	1.548036	5.574586	3.195848	2.309678	3.418296	0.897814	172.97374	374.052612	-0.671343	141.8209558	191.7302093	49.22247915	26.50590523	34.50849363	0.62179487	0.63714286	7.75237138	5.49871151	3.20420414	149.4912558	155.361922	-556.055854	1209.643	52.033573	1.933838	0.153957	-0.257299	52.508303	-187.932467	-29.390382	0.186946	3.765751	263.468902	74.50518
molecule270	-182.029588	163.604953	-496.3690042	-2.86732701	1.60235334	-0.02994995	-0.02994995	589.1629282	1061.957	2	0.0203	28.137999	3.827039	2.936182	34	4.169896	7.260001	4.125897	2.562569	1.64103	2.281036	0.68666	75.058647	221.70105	0.086574	118.5160991	204.405266	40.81147553	23.32139462	36.53730932	0.68865741	0.67465505	6.32216199	5.35655631	2.68217185	124.3551529	136.994409	-398.653731	916.392257	46.177548	1.644045	0.146634	-0.222775	43.141943	-125.543053	-22.093301	0.235017	4.280802	206.977445	107.940098
molecule279	-243.653531	228.712287	-880.0651193	-3.95249445	0.97834719	-0.01577877	-0.01577877	778.5088832	1471.503	0	1.582	42.342815	5.778577	3.468571	44	5.721364	4.53424	5.18198	5.178236	3.369561	2.162644	0.625144	110.039101	324.043518	0.991898	168.6046155	302.2396811	55.36235776	40.28739939	40.2462676	0.66326531	0.61478365	9.63125365	6.30665585	0.65334711	177.6566409	72.313922	-212.219666	1189.827	46.159172	2.411194	0.113848	-0.073468	29.31933	-86.043438	-12.077048	0.152792	0.491134	72.828642	332.616523
molecule280	-178.633854	218.325118	-804.7694499	-3.73507052	1.01002847	-0.01034698	-0.01034698	742.3664536	1405.377	0	1.6026	42.220715	7.647353	2.948488	36	7.417412	5.823983	4.846066	4.630513	2.698741	1.895462	0.597952	75.058647	272.402405	1.933642	161.708482	262.2947395	52.69851141	38.38708345	37.62023229	0.705	0.69071429	9.97759195	5.45720491	1.6677205	170.1532495	49.09223	-126.17685	1026.027	49.522167	2.25405	0.124049	-0.05244	19.598342	-50.37166	-8.357428	0.179169	0.998258	61.188144	338.02661
molecule289	-196.093675	212.177724	-798.119565	-4.09009983	2.51421485	-0.0497862	-0.0497862	766.3903941	1496.505	3	1.1418	46.333202	3.052426	3.262193	72	4.093086	2.317643	6.930428	3.771227	2.675821	2.689246	0.612261	226.477325	637.514526	0	167.6646959	289.6305895	61.48799708	28.2932592	35.12638434	0.67906977	0.69307692	8.41272903	4.95258208	3.15273855	174.9952906	231.976005	-804.492787	1323.669	43.265031	1.360252	0.113355	-0.269254	88.539793	-307.056001	-39.224138	0.183766	3.110989	291.85465	89.821863
molecule292	-92.858343	93.349181	-230.2953626	-1.47017373	0.00070134	-0.01702707	-0.01702707	351.4927884	548.0631372	2	-0.7084	14.5536	2.861601	1.825248	10	2.92	4.006956	1.914214	1.132456	0.447214	1	0.63093	8	30.490225	-0.25	62.21758646	97.73921628	20.42409255	16.18854714	21.2005633	0.76	0.72727273	4.86486222	4.3784837	0.000854681	65.10353489	72.523238	-101.003113	299.746757	33.52563	0.92337	0.155761	-0.209555	15.609708	-21.73964	-9.708058	0.489696	16.055536	116.12186	99.115469
molecule300	-129.083699	258.609727	-929.7619271	-4.5689766	3.27138503	-0.03472068	-0.03472068	907.3461405	1785.901	0	1.3379	50.135315	4.209293	2.671975	80	5.434966	3.868708	7.896755	4.484263	2.983904	3.175123	0.706863	254.083847	885.922546	0	197.0706499	912.6206661	60.36182862	37.20289018	55.88207534	0.6654979	0.71166253	9.17904819	6.09021105	8.40063624	207.2155713	218.945724	-851.633184	1769.943	38.644381	2.018142	0.084928	-0.160577	99.626238	-387.516178	-33.247365	0.152454	0.359367	213.873674	241.153426
molecule304	5.935909	124.125273	-666.3794286	-1.97205708	2.0920005	-0.01416389	-0.01416389	491.244355	873.4770426	0	1.1933	29.364304	1.220993	2.831586	30	1.888001	0.870529	3.431852	2.799198	2.112543	2.235926	0.659115	64	106.166328	0	93.56581905	130.3617205	36.00857179	16.99017532	23.36890674	0.73737374	0.75252525	6.40040868	3.5999999	3.35244202	95.9617479	120.403263	-122.426037	264.901935	20.048897	0.546909	0.07696	-0.15987	31.366415	-31.89337	-10.849783	0.463415	21.450137	108.810005	151.701329
molecule306	-13.736146	130.827447	-667.5647732	-2.16184873	0.7134328	-0.0126296	-0.0126296	506.2421198	907.8573855	1	0.7337	29.438999	1.439432	2.642771	30	2.094743	1.01098	3.431852	2.944602	2.269723	2.235926	0.688416	64	106.166328	0.178241	99.31168031	139.4341768	35.80415318	18.58413237	25.28938937	0.68181818	0.69214876	6.44038178	4.2321602	2.59396909	102.3439197	101.886944	-127.603208	340.830087	27.192268	0.783515	0.09992	-0.148238	27.727672	-34.726136	-10.97863	0.550703	16.285565	98.478433	173.663124
molecule310	-72.463173	211.766497	-667.0040121	-4.28152272	1.96754282	-0.02627699	-0.02627699	747.8662418	1497.857	1	0.548	49.508217	2.052856	2.342628	72	3.229918	1.237624	6.753219	4.315267	3.031134	3.093069	0.715669	226.477325	533.868835	-0.141056	166.8995772	167.0695612	56.50127759	28.76050939	37.85331056	0.67399267	0.62181122	7.75305916	5.50387168	3.64164635	174.6461879	160.9044	-395.63174	925.791574	36.989207	1.408046	0.098239	-0.150183	60.584	-148.963938	-21.291248	0.259558	6.952647	123.83729	252.684417
molecule313	-25.868894	178.792645	-421.7346858	-3.45454605	1.4220233	-0.01738754	-0.01738754	613.6007593	1173.579	2	-0.9763	37.012409	2.968836	1.962515	38	3.821107	2.301564	4.431852	3.434282	2.242688	2.113283	0.666667	86.43856	208.772263	5.636667	135.7863339	185.505564	42.91618218	25.83309317	35.64322524	0.6591133	0.68085106	6.90979894	5.67219201	2.60994535	144.5764658	41.192843	-77.500214	611.28942	37.614421	1.642721	0.115757	-0.062885	13.385291	-25.183087	-6.639888	0.320825	3.368172	87.384918	237.557236
molecule316	-92.744356	136.157958	-400.0337736	-2.59317944	1.73940203	-0.02417397	-0.02417397	503.1647403	902.8362535	1	-0.6785	26.882399	1.281595	2.334218	36	1.94179	1.309285	3.787694	2.615355	1.824906	2.25	0.677318	86.43856	140.748688	1.724352	102.6008999	115.89962	36.65862631	21.83348891	25.29741148	0.56856857	0.62962963	7.35736841	5.21936645	4.66173819	106.2719605	105.32495	-221.361447	583.277869	33.181624	1.304039	0.119558	-0.167595	29.231349	-61.435526	-12.909075	0.21554	10.253852	143.485588	134.049307
molecule321	-163.041403	165.262398	-855.2666779	-2.47152736	2.73744329	-0.03613312	-0.03613312	591.2830137	1124.592	3	-0.2188	31.002197	3.444304	3.389377	36	3.600318	4.135624	4.036581	2.680536	2.075245	2.725481	0.820451	86.43856	203.540421	-0.445988	120.5317367	118.5973602	37.82460038	28.08217166	33.25523393	0.69852217	0.6677116	6.98753661	5.75342427	4.77430595	127.4033988	185.067092	-496.646048	824.81982	33.299489	1.067717	0.10834	-0.268412	56.882273	-152.649269	-25.356957	0.243404	6.050524	264.546053	42.814227
molecule323	-95.791168	166.281596	-402.3953476	-2.9643261	1.16650672	-0.02258946	-0.02258946	581.105164	1059.958	3	-0.2417	30.058395	4.498732	2.710286	28	4.741745	6.807866	3.770056	2.689533	1.63952	2.75	0.916667	53.302967	172.665009	2.349815	119.7909248	168.0337418	40.88540195	22.00707612	34.24138825	0.65092166	0.66869301	6.14966931	5.49771041	4.3676755	126.1649391	87.652404	-232.384054	826.699558	46.545956	1.905952	0.149271	-0.151345	27.331851	-72.462204	-14.715579	0.260637	5.808654	176.062558	135.758338
molecule326	6.494193	158.21926	-513.1217897	-3.15122847	4.24311523	-0.03452854	-0.03452854	599.3775121	1121.65	1	1.7809	38.554108	1.135492	2.630578	58	2.000285	0.782078	5.287694	3.202295	2.286146	2.913977	0.712906	172.97374	285.850494	0	123.825626	108.4821844	47.89446564	21.1773834	22.17987423	0.75925926	0.7751938	8.20337774	3.40008279	6.92108184	125.0329457	165.593339	-288.198647	532.859819	28.550166	0.7991	0.093249	-0.17662	50.69986	-88.238037	-16.556489	0.3698	12.362268	148.069745	158.101146
molecule338	-46.137493	290.228426	-856.2832087	-5.70638892	0.06914442	-0.02807423	-0.02807423	1008.232	2066.744	0	2.142	66.906013	4.419572	2.899813	84	5.809289	2.500927	8.578116	5.352187	3.545564	2.584963	0.563791	268.078186	958.177063	0.143549	229.0269918	546.1929997	71.36861266	49.76987824	43.70896085	0.77784504	0.71177945	11.74471242	5.44792483	0.51544002	243.1289959	171.7641	-686.592636	1941.608	53.483703	2.583814	0.110112	-0.129685	83.429608	-333.49317	-30.595956	0.127311	3.246529	166.450523	319.271509
molecule349	-17.016395	169.954432	-762.2414138	-2.90992132	1.80362632	-0.01978916	-0.01978916	606.734394	1172.52	1	0.4415	37.583111	2.190124	2.560472	40	2.939143	1.496284	4.342535	3.721066	2.773873	2.947703	0.836569	98.107498	199.103317	0.971759	129.1931502	184.401131	42.64227361	28.16429419	30.84366134	0.67105263	0.62222222	7.58188217	5.5356071	3.32946424	135.0588244	103.742855	-207.381967	638.054685	34.637805	1.349372	0.108526	-0.138339	33.111128	-66.189145	-14.092123	0.334817	8.32286	145.091338	174.074045
molecule353	-51.391089	105.312501	-322.5608499	-1.79892321	1.47484631	-0.02056491	-0.02056491	409.5648675	671.8048221	1	0.6976	19.2521	0.855644	2.243231	26	1.362168	0.768631	2.893847	1.756241	1.012757	2.584963	0.920782	53.302967	66.285004	1.136574	75.8632126	51.65313118	26.37866822	16.61273572	19.7709791	0.74074074	0.67532468	5.3070988	4.22588575	3.6191652	77.85767762	91.568595	-150.786005	392.190949	33.319128	1.01363	0.139903	-0.176106	21.807877	-35.911032	-9.988681	0.398494	13.492282	122.489981	115.668937
molecule357	-42.264511	126.364814	-630.6491293	-2.09302442	0.07175187	-0.009829	-0.009829	466.6008724	849.0299158	0	0.1129	28.2614	1.84501	1.851853	24	2.477367	1.544272	3	3.309401	2.44949	0	0	43.01955	69.058647	4.314815	95.82162934	69.62483319	31.80772584	25.99575669	23.46077364	0.68571429	0.65546218	6.99222111	5.42180774	1.16897113	98.33875833	74.295482	-88.396765	305.29971	24.5613	0.845304	0.095719	-0.124383	19.064035	-22.682389	-8.189654	0.463355	10.028639	68.740379	187.857124
molecule366	41.641309	153.750874	-342.9441465	-2.72769476	3.57559503	-0.02718829	-0.02718829	560.9750619	1055.388	0	1.0916	30.697601	5.21755	2.730636	26	5.98	6.231256	3.914214	2.65432	1.523335	2	0.57813	43.01955	180.948425	2.900278	114.5035515	118.1863787	35.99839076	27.40631938	29.56236303	0.69753695	0.67374005	6.9727154	5.63483962	4.40526905	120.6369702	107.39591	-169.008944	464.627634	28.372002	1.001305	0.0961	-0.095782	31.706863	-49.89709	-8.348667	0.180721	0.174595	136.379055	158.854376
molecule369	104.253704	174.121111	-888.2351201	-1.93898338	1.88782189	-0.04471307	-0.04471307	616.6241425	1183.38	2	-0.7335	14.9827	2.113125	2.330553	10	2.45	4.672223	1.914214	0.985409	0.362238	2	0.861353	8	30.490225	0.125	127.9124613	98.99408485	41.02476114	26.00481924	35.51933109	0.63142857	0.63402778	6.93007604	5.94280678	5.11080923	134.9138788	85.952165	-67.223189	213.363605	29.094608	0.677827	0.134946	-0.0766	18.531392	-14.493402	-3.560687	0.713464	13.888228	95.257396	120.343826
molecule374	-76.384468	203.600223	-535.1465212	-3.94660758	1.49887135	-0.01807245	-0.01807245	714.5065048	1349.501	1	-0.132	41.386314	3.321773	2.114103	48	4.305732	2.476469	5.342535	3.967199	2.435968	2.845351	0.793691	122.211433	333.182709	3.734184	155.8525055	281.1580132	53.48015648	27.19040388	41.3561325	0.66762452	0.62366231	7.09089208	5.74357774	2.19798275	162.7857852	61.724583	-168.113076	1023.997	49.142211	2.276597	0.130715	-0.07444	23.205291	-63.20193	-10.521135	0.213761	1.05357	86.288126	289.660798
molecule380	-85.624183	168.083012	-641.5844198	-3.04620739	4.28873095	-0.04328615	-0.04328615	627.4230547	1180.716	2	-0.3822	34.516998	2.221123	3.078679	56	3.159226	1.69797	5.625897	2.902407	1.86386	2.584963	0.632412	160	360.804626	0	130.884666	120.7993855	47.24582915	27.27747241	27.16176093	0.64221825	0.62701252	8.41699232	5.0462011	8.06843078	134.7396001	169.241113	-443.784048	842.06487	31.205693	1.240206	0.097171	-0.236203	54.350217	-142.517138	-24.359981	0.23282	7.633397	221.116721	100.02402
molecule383	51.03491	102.722533	-264.3333295	-1.79075893	0.00012515	-0.01230482	-0.01230482	404.9832589	681.9504289	0	-0.5772	21.744202	0.819105	2.866227	24	1.499803	0.764605	3	1.699462	0.894427	0	0	43.01955	69.058647	0	74.9002721	30.16319497	29.13418155	14.8370582	16.36336728	0.74814815	0.7254902	5.83284478	3.40000672	3.77042E-16	75.64782299	49.64903	-32.24208	145.916488	15.078124	0.505786	0.067089	-0.071729	11.158532	-7.246351	-3.623175	0.5	12.029501	49.64903	175.099212
molecule384	-34.733887	157.847046	-492.2765343	-2.89920222	1.47818588	-0.02269256	-0.02269256	596.4718781	1079.982	1	-0.3091	32.722099	1.727731	2.856336	46	2.531545	1.591439	4.698377	2.718693	1.848172	2.321928	0.609853	122.211433	257.879517	0	119.5860464	186.0820846	45.53893427	18.22760956	29.76000062	0.63903743	0.68356643	6.77855655	4.2079076	4.72056843	123.0584259	109.752135	-234.562264	663.1665	37.231305	1.381313	0.11999	-0.166493	34.054716	-72.781738	-16.029653	0.30423	8.279652	156.802496	153.485004
molecule388	-36.583961	139.998187	-436.9156736	-2.62856614	1.76396945	-0.0263407	-0.0263407	535.098094	965.0095869	1	0.4331	30.6595	1.554694	2.87326	40	2.368142	1.333055	4.304531	2.438146	1.541041	2.419382	0.653809	98.107498	195.554443	0	107.1784367	124.3027224	41.18113885	18.51686399	23.33213831	0.74458204	0.77535302	6.70268041	3.71027727	4.61171154	109.9415514	125.046055	-199.636027	451.573577	26.155297	0.890642	0.092463	-0.175218	35.372027	-56.471441	-14.020304	0.401879	13.00406	129.832848	153.039148
molecule392	-104.606661	259.821965	-1162.463	-4.93797405	4.00985771	-0.04317001	-0.04317001	917.166795	1869.536	2	2.3045	62.978416	2.97388	2.368332	88	4.28969	2.360391	7.998038	6.314692	5.440922	2.20511	0.469128	296.422852	899.401306	0	206.932429	323.775016	46.68427323	36.72398513	65.69975822	0.73219814	0.75791855	7.45957628	6.72367976	5.08242956	215.5221838	216.59628	-619.378722	1257.791	45.587312	1.451462	0.103645	-0.158279	95.267846	-272.427932	-30.620546	0.235837	7.277485	204.570486	235.270151
molecule398	-70.852099	108.209531	-338.6894542	-1.67424336	0.00018954	-0.02428851	-0.02428851	415.2710958	678.8064437	4	-1.9706	18.082998	1.14898	3.30517	22	1.395523	1.94	2.642735	1.235599	0.728502	1.584963	0.564575	43.01955	70.36869	0	74.79115939	38.79218364	31.22950843	15.01420045	19.39518066	0.71684588	0.72777778	6.16022992	3.40000453	5.33218E-16	77.20126962	107.922533	-227.02584	495.747041	39.208098	1.140263	0.166371	-0.226235	25.433674	-53.502276	-12.56474	0.281232	3.875167	235.666021	0
